22 6 19 53
51 17 20 12
14 31 43 12
28 6 25 41
10 37 5 48
5 29 58 8
8 53 2 37
15 24 46 15
23 75 1 1
50 5 34 11
22 3 46 29
67 7 18 8
19 10 52 19
15 2 19 64
23 18 39 20
43 38 3 16
1 14 7 78
1 42 12 45
32 17 1 50
50 11 15 24
3 32 35 30
40 1 42 17
16 67 10 7
66 21 9 4
10 47 8 35
18 15 20 47
42 3 31 24
21 40 16 23
26 7 18 49
25 20 41 14
17 23 57 3
28 20 42 10
16 42 23 19
15 45 22 18
17 74 8 1
18 31 4 47
30 28 27 15
18 1 45 36
36 5 39 20
46 10 20 24
4 39 27 30
29 48 14 9
1 65 30 4
24 24 11 41
15 31 30 24
24 49 9 18
11 81 4 4
3 1 27 69
45 1 13 41
69 10 19 2
35 12 38 15
6 31 54 9
5 34 37 24
13 4 71 12
25 55 16 4
69 10 18 3
67 2 29 2
6 15 49 30
21 32 7 40
1 29 9 61
47 12 25 16
20 30 8 42
21 17 12 50
4 32 21 43
22 57 13 8
16 2 39 43
12 16 9 63
52 5 20 23
9 81 1 9
34 7 48 11
20 44 21 15
13 16 2 69
18 28 43 11
54 1 26 19
29 1 38 32
53 10 34 3
11 42 15 32
69 20 1 10
56 2 5 37
62 4 12 22
52 2 39 7
1 66 30 3
8 32 24 36
13 50 18 19
27 7 28 38
11 75 8 6
39 48 7 6
43 5 35 17
3 56 32 9
68 16 9 7
68 7 24 1
71 12 4 13
5 75 19 1
23 1 36 40
26 2 42 30
3 6 4 87
41 5 21 33
13 26 2 59
77 3 1 19
8 22 11 59
25 14 55 6
14 50 5 31
8 21 36 35
28 35 31 6
25 48 10 17
4 38 2 56
21 7 48 24
28 35 26 11
13 25 43 19
59 12 23 6
31 8 16 45
8 44 36 12
31 9 9 51
31 2 4 63
17 64 6 13
2 37 5 56
1 6 20 73
24 37 26 13
23 7 17 53
44 14 10 32
2 53 7 38
21 31 30 18
17 16 49 18
40 12 1 47
36 8 36 20
27 54 4 15
2 18 12 68
39 14 33 14
44 11 28 17
5 27 65 3
47 4 28 21
14 13 24 49
16 1 25 58
21 19 14 46
25 40 1 34
4 10 50 36
5 4 73 18
46 16 12 26
9 5 11 75
26 7 26 41
56 18 1 25
5 21 31 43
3 64 14 19
15 22 43 20
48 21 19 12
29 21 5 45
30 31 35 4
9 2 4 85
47 9 35 9
7 43 29 21
28 3 39 30
8 30 41 21
11 10 40 39
9 35 17 39
10 29 17 44
3 68 18 11
53 21 22 4
22 3 54 21
8 20 53 19
14 1 63 22
5 32 21 42
27 69 2 2
10 61 22 7
1 39 12 48
20 27 28 25
17 14 40 29
7 41 35 17
65 22 8 5
5 39 39 17
10 9 26 55
1 7 2 90
3 26 68 3
8 28 22 42
33 21 45 1
3 31 34 32
34 30 8 28
3 7 88 2
57 12 19 12
43 25 7 25
32 9 14 45
7 40 23 30
13 2 26 59
2 23 2 73
38 2 36 24
18 43 38 1
2 78 7 13
21 17 14 48
66 24 2 8
48 21 9 22
12 12 59 17
51 15 6 28
28 45 17 10
1 10 33 56
39 21 32 8
35 33 15 17
50 5 25 20
20 27 51 2
37 31 20 12
5 54 33 8
11 18 14 57
20 65 10 5
1 10 32 57
24 13 30 33
4 7 29 60
67 3 16 14
19 33 13 35
43 15 26 16
79 16 4 1
31 28 25 16
53 31 3 13
11 27 10 52
6 45 5 44
12 1 45 42
13 29 27 31
36 30 6 28
3 56 7 34
43 13 2 42
15 45 2 38
10 17 37 36
6 40 10 44
46 5 19 30
2 30 3 65
10 4 40 46
5 12 48 35
30 11 45 14
2 2 14 82
21 15 40 24
11 17 36 36
15 48 20 17
25 36 2 37
12 35 32 21
2 5 39 54
47 15 8 30
33 11 23 33
26 24 31 19
3 72 5 20
4 57 18 21
3 2 82 13
45 21 9 25
26 17 13 44
9 69 10 12
30 20 16 34
36 42 14 8
55 4 38 3
58 22 2 18
17 11 23 49
4 3 80 13
4 59 23 14
33 39 7 21
3 16 45 36
4 8 72 16
20 51 19 10
13 26 51 10
11 50 6 33
31 29 16 24
17 40 1 42
61 2 25 12
3 21 28 48
32 6 3 59
88 1 4 7
12 25 49 14
7 53 28 12
58 28 8 6
32 30 23 15
4 26 15 55
2 55 6 37
28 24 40 8
59 2 11 28
21 13 6 60
30 17 47 6
2 27 56 15
35 33 16 16
8 54 15 23
52 41 1 6
6 14 24 56
15 44 38 3
10 24 18 48
29 7 54 10
74 12 2 12
38 17 8 37
51 3 44 2
35 9 6 50
19 65 3 13
34 49 2 15
18 63 17 2
22 14 29 35
36 11 6 47
33 4 55 8
25 44 18 13
30 10 39 21
39 57 3 1
18 3 33 46
51 25 9 15
61 1 36 2
14 4 11 71
1 5 59 35
16 54 2 28
22 44 13 21
31 13 13 43
39 22 34 5
3 5 69 23
21 13 5 61
39 38 18 5
31 32 13 24
69 5 18 8
28 6 45 21
7 23 9 61
40 11 31 18
40 2 55 3
8 9 29 54
2 17 77 4
11 10 2 77
35 45 6 14
3 9 78 10
65 5 6 24
10 21 55 14
14 17 65 4
9 43 17 31
10 43 39 8
15 48 7 30
53 18 16 13
3 20 27 50
40 39 4 17
3 14 82 1
30 1 33 36
6 44 41 9
8 15 43 34
16 1 79 4
58 28 12 2
46 26 1 27
9 68 18 5
5 16 57 22
45 12 27 16
44 7 31 18
8 1 87 4
3 48 42 7
70 1 11 18
4 6 46 44
2 52 16 30
24 22 41 13
51 5 11 33
18 36 22 24
50 7 9 34
24 21 18 37
27 28 28 17
12 72 14 2
29 10 58 3
38 3 5 54
11 32 40 17
7 42 27 24
24 31 22 23
24 37 3 36
5 56 23 16
18 1 33 48
12 39 48 1
31 29 37 3
4 31 38 27
17 14 61 8
24 1 11 64
9 15 66 10
56 25 4 15
2 22 65 11
50 3 37 10
36 53 9 2
5 39 29 27
3 7 87 3
70 5 19 6
23 34 5 38
14 21 45 20
14 10 9 67
9 45 25 21
81 10 8 1
26 48 4 22
21 31 9 39
25 54 10 11
22 35 17 26
3 63 8 26
7 79 1 13
4 42 52 2
10 58 5 27
5 44 21 30
56 3 22 19
14 23 42 21
11 7 79 3
20 25 54 1
15 1 75 9
2 14 51 33
1 14 79 6
2 77 13 8
28 15 10 47
26 16 35 23
50 9 40 1
8 29 26 37
79 4 8 9
49 13 22 16
17 22 31 30
10 5 57 28
2 10 59 29
17 26 20 37
20 18 18 44
29 55 6 10
25 54 17 4
31 13 3 53
79 1 15 5
46 9 29 16
48 13 6 33
55 20 7 18
7 13 64 16
38 32 23 7
3 43 12 42
30 65 4 1
3 71 17 9
11 45 29 15
3 8 54 35
65 15 2 18
6 22 71 1
20 11 33 36
12 59 16 13
21 54 20 5
34 26 6 34
30 3 8 59
35 39 3 23
9 50 1 40
24 59 15 2
61 7 8 24
76 3 14 7
11 5 66 18
41 16 37 6
28 44 1 27
4 30 25 41
3 8 69 20
13 36 44 7
44 9 42 5
21 26 49 4
12 6 17 65
4 61 20 15
44 32 22 2
9 20 64 7
20 8 57 15
12 77 4 7
1 66 13 20
3 69 22 6
9 53 29 9
17 61 20 2
21 7 24 48
64 20 12 4
17 40 41 2
4 50 11 35
25 3 16 56
25 14 18 43
65 8 20 7
20 65 2 13
12 49 27 12
20 2 25 53
33 1 33 33
15 16 14 55
17 13 12 58
15 41 7 37
15 16 11 58
32 1 54 13
30 22 8 40
30 31 11 28
28 3 46 23
56 3 35 6
5 45 12 38
53 34 12 1
5 15 32 48
2 55 42 1
24 14 54 8
25 14 11 50
16 36 18 30
32 26 21 21
8 22 47 23
37 6 3 54
34 54 10 2
40 17 19 24
33 50 7 10
49 16 32 3
3 2 30 65
17 30 21 32
18 43 16 23
34 7 20 39
43 16 12 29
11 76 10 3
37 39 5 19
32 1 43 24
60 20 8 12
42 1 49 8
30 10 53 7
17 21 9 53
17 48 17 18
12 5 53 30
8 39 1 52
6 58 22 14
25 1 24 50
55 6 28 11
1 81 4 14
13 31 8 48
5 27 49 19
54 9 3 34
34 11 46 9
20 25 3 52
38 1 30 31
34 14 19 33
56 15 14 15
1 26 49 24
35 23 2 40
3 17 52 28
9 37 20 34
63 20 3 14
24 47 1 28
11 21 40 28
35 4 23 38
31 7 57 5
8 10 56 26
88 4 3 5
19 1 2 78
6 22 67 5
1 69 8 22
11 11 47 31
31 22 31 16
5 51 25 19
33 36 25 6
45 11 10 34
33 19 29 19
3 17 31 49
27 65 2 6
1 3 67 29
17 25 40 18
29 4 38 29
1 15 18 66
26 7 25 42
42 32 24 2
9 6 8 77
6 2 58 34
1 6 82 11
11 40 6 43
43 8 28 21
23 49 11 17
61 25 13 1
45 9 45 1
15 7 23 55
24 4 5 67
30 33 4 33
37 22 16 25
8 82 7 3
30 39 11 20
58 5 17 20
18 61 10 11
17 17 59 7
55 24 17 4
24 56 6 14
24 42 10 24
54 13 3 30
10 52 29 9
40 13 16 31
12 46 1 41
70 13 9 8
53 38 6 3
1 15 30 54
38 16 22 24
44 24 18 14
35 33 1 31
12 7 18 63
3 76 17 4
18 50 11 21
50 16 10 24
38 29 32 1
28 14 31 27
22 2 43 33
16 54 22 8
77 10 12 1
42 39 13 6
25 3 22 50
27 26 20 27
16 45 8 31
9 13 70 8
20 7 15 58
12 40 29 19
60 30 1 9
12 42 23 23
4 31 4 61
13 30 46 11
13 66 9 12
9 3 54 34
7 14 59 20
48 8 35 9
2 35 53 10
67 9 21 3
7 71 15 7
17 2 18 63
16 60 21 3
35 3 26 36
42 13 39 6
17 4 62 17
13 6 43 38
20 22 16 42
4 76 3 17
17 5 18 60
15 18 29 38
27 33 32 8
22 7 54 17
42 17 13 28
1 36 27 36
4 7 76 13
40 19 6 35
37 31 5 27
20 29 16 35
1 54 3 42
40 20 27 13
8 52 3 37
24 4 42 30
7 31 50 12
42 19 7 32
17 47 33 3
35 41 3 21
12 48 31 9
34 5 51 10
47 43 5 5
45 28 17 10
14 17 45 24
3 2 1 94
12 1 5 82
31 49 17 3
9 54 13 24
23 13 41 23
10 14 9 67
4 35 52 9
16 42 7 35
19 17 57 7
4 33 47 16
19 25 2 54
43 10 44 3
29 16 9 46
77 5 9 9
11 68 5 16
63 12 24 1
29 23 41 7
28 16 33 23
49 14 15 22
38 1 55 6
11 33 45 11
43 19 26 12
35 44 10 11
38 17 13 32
37 15 8 40
4 38 24 34
15 31 50 4
39 19 9 33
3 58 14 25
16 25 54 5
25 7 7 61
1 27 37 35
36 22 17 25
8 39 35 18
7 51 10 32
24 29 1 46
38 50 3 9
15 41 16 28
19 19 50 12
68 13 16 3
21 22 55 2
20 23 23 34
1 54 27 18
23 50 4 23
37 51 4 8
10 61 28 1
52 17 5 26
6 42 17 35
57 5 31 7
15 12 40 33
49 22 21 8
16 15 54 15
41 35 23 1
4 57 21 18
27 18 28 27
34 4 5 57
18 37 12 33
26 6 60 8
6 36 21 37
18 10 41 31
35 53 11 1
33 19 42 6
11 48 31 10
38 15 2 45
51 39 9 1
6 15 51 28
14 35 41 10
44 20 14 22
1 24 4 71
29 3 10 58
75 2 11 12
13 24 27 36
4 46 12 38
40 45 4 11
25 4 55 16
19 16 27 38
13 32 40 15
33 35 22 10
51 13 3 33
45 1 40 14
7 1 52 40
10 19 59 12
51 14 8 27
7 57 5 31
21 28 50 1
25 20 15 40
23 12 6 59
14 12 9 65
13 25 29 33
9 20 24 47
13 45 14 28
20 16 3 61
31 58 2 9
43 7 31 19
13 26 19 42
27 45 4 24
29 29 1 41
17 55 19 9
26 44 14 16
9 5 84 2
53 21 16 10
3 31 6 60
29 45 25 1
16 57 9 18
8 25 19 48
38 15 34 13
21 16 37 26
30 19 29 22
19 8 60 13
28 36 27 9
22 7 5 66
18 40 19 23
40 10 41 9
22 63 6 9
5 75 14 6
4 38 16 42
70 12 3 15
11 1 59 29
11 19 47 23
14 47 15 24
36 18 20 26
19 23 4 54
71 16 6 7
9 12 68 11
47 30 22 1
24 18 37 21
32 54 6 8
13 13 57 17
31 18 27 24
5 39 42 14
33 19 26 22
19 48 13 20
47 6 33 14
22 29 48 1
35 42 19 4
49 5 17 29
4 11 50 35
22 50 12 16
14 67 13 6
55 5 7 33
40 20 37 3
21 26 51 2
1 40 51 8
9 50 18 23
23 52 22 3
9 51 19 21
5 56 1 38
8 46 9 37
56 21 16 7
54 6 20 20
5 7 70 18
2 49 3 46
71 15 1 13
2 44 11 43
34 12 7 47
6 6 35 53
8 55 19 18
11 65 2 22
37 10 45 8
11 39 24 26
27 16 14 43
29 38 8 25
24 3 22 51
22 46 24 8
17 21 23 39
5 42 32 21
27 12 27 34
24 5 53 18
5 26 12 57
11 2 45 42
20 51 21 8
2 55 38 5
13 4 29 54
72 23 3 2
86 5 6 3
3 1 46 50
78 5 16 1
3 42 8 47
20 17 26 37
15 10 43 32
35 25 9 31
15 28 56 1
18 19 37 26
1 16 79 4
36 32 23 9
32 15 34 19
9 25 25 41
6 51 7 36
37 52 9 2
25 39 31 5
48 18 22 12
11 55 5 29
19 66 13 2
56 1 21 22
11 34 7 48
43 3 30 24
9 49 8 34
39 7 27 27
14 21 15 50
8 38 21 33
1 52 24 23
20 34 8 38
4 42 5 49
10 3 79 8
4 7 21 68
12 39 15 34
1 50 20 29
54 40 2 4
72 25 2 1
8 12 36 44
4 22 16 58
10 42 12 36
30 11 12 47
14 7 42 37
7 2 66 25
27 11 15 47
17 34 22 27
15 72 2 11
24 39 8 29
13 19 26 42
30 23 45 2
21 10 62 7
33 19 33 15
73 20 1 6
29 10 1 60
33 3 6 58
28 22 1 49
20 44 22 14
15 35 39 11
44 44 9 3
30 21 34 15
16 6 58 20
46 13 39 2
7 45 42 6
43 10 45 2
5 33 14 48
34 11 50 5
5 12 75 8
15 44 31 10
32 10 48 10
77 2 10 11
29 24 9 38
15 11 49 25
37 25 20 18
5 50 44 1
10 13 60 17
24 6 65 5
3 38 48 11
37 32 17 14
42 20 18 20
4 29 11 56
29 20 27 24
33 17 38 12
21 11 32 36
14 14 30 42
5 24 41 30
37 26 24 13
30 29 19 22
14 1 77 8
41 31 7 21
20 5 61 14
4 68 22 6
7 2 42 49
8 49 22 21
31 19 34 16
6 25 57 12
18 47 24 11
32 51 5 12
69 13 11 7
29 36 22 13
21 44 17 18
73 7 1 19
14 30 48 8
10 20 19 51
75 3 7 15
15 49 12 24
23 24 32 21
9 11 62 18
2 66 28 4
4 38 19 39
13 3 63 21
12 27 36 25
22 7 29 42
14 29 14 43
11 42 46 1
16 39 18 27
1 36 2 61
23 33 5 39
5 83 3 9
44 19 24 13
57 15 3 25
6 48 3 43
47 9 9 35
56 12 7 25
13 6 7 74
48 11 15 26
39 21 30 10
25 51 11 13
4 60 33 3
16 8 51 25
7 51 29 13
24 23 30 23
20 5 47 28
47 3 25 25
29 6 14 51
13 1 50 36
64 20 9 7
7 3 50 40
74 10 3 13
34 19 42 5
70 1 2 27
45 18 27 10
10 36 12 42
11 23 3 63
11 47 7 35
51 5 1 43
10 19 28 43
72 18 3 7
7 26 15 52
4 22 9 65
22 39 19 20
28 14 20 38
22 17 30 31
77 1 8 14
51 41 3 5
15 3 31 51
25 34 8 33
10 8 63 19
11 11 65 13
16 32 21 31
8 20 3 69
29 52 8 11
10 20 69 1
28 10 54 8
32 20 20 28
1 14 84 1
22 14 11 53
6 7 23 64
43 2 24 31
9 33 33 25
40 24 22 14
20 2 2 76
3 17 28 52
15 34 20 31
6 24 32 38
15 41 27 17
45 28 22 5
53 26 7 14
5 16 25 54
27 39 24 10
37 15 35 13
19 1 70 10
25 17 57 1
45 16 24 15
28 2 29 41
14 9 47 30
16 11 65 8
5 70 20 5
54 8 5 33
10 46 2 42
1 16 54 29
3 72 9 16
24 3 44 29
20 45 16 19
80 5 5 10
56 31 10 3
79 18 1 2
40 35 19 6
24 3 1 72
79 1 8 12
85 9 2 4
23 1 33 43
12 8 46 34
52 22 13 13
50 8 12 30
14 1 60 25
56 8 29 7
22 47 29 2
59 6 3 32
