17 20 30 33
27 30 20 23
18 35 19 28
25 16 31 28
16 26 33 25
29 13 26 32
28 24 16 32
24 31 21 24
24 6 35 35
25 26 19 30
27 30 11 32
13 26 30 31
34 16 33 17
9 34 24 33
16 20 30 34
29 20 28 23
33 20 16 31
26 32 18 24
29 34 31 6
15 28 34 23
29 31 26 14
32 32 19 17
32 11 33 24
34 20 16 30
22 21 29 28
26 23 20 31
34 27 16 23
20 30 27 23
21 24 26 29
16 26 23 35
20 34 18 28
14 26 30 30
34 18 35 13
6 35 34 25
31 25 18 26
23 20 34 23
16 31 26 27
8 22 35 35
34 30 19 17
15 28 23 34
18 20 29 33
35 5 26 34
26 20 28 26
17 33 25 25
35 8 29 28
11 30 28 31
27 22 21 30
28 8 32 32
25 20 25 30
22 17 29 32
26 15 27 32
31 18 17 34
12 34 31 23
34 5 31 30
27 11 28 34
18 19 32 31
30 34 17 19
23 24 34 19
10 32 23 35
10 35 24 31
32 21 19 28
29 20 26 25
32 32 11 25
12 34 28 26
23 20 29 28
16 16 35 33
15 31 21 33
24 22 31 23
35 32 7 26
29 26 34 11
14 34 27 25
29 28 10 33
34 31 27 8
17 33 27 23
5 30 35 30
26 18 25 31
23 34 25 18
21 27 20 32
26 28 25 21
31 20 23 26
33 28 30 9
29 12 29 30
19 28 27 26
6 31 31 32
26 31 25 18
26 13 35 26
31 28 11 30
14 29 33 24
22 28 29 21
24 28 20 28
29 19 27 25
11 34 31 24
34 6 30 30
31 35 20 14
15 29 23 33
6 33 26 35
31 32 11 26
19 24 26 31
17 34 35 14
33 13 31 23
25 26 22 27
15 34 17 34
32 9 29 30
18 35 31 16
24 28 27 21
30 25 16 29
27 31 18 24
12 24 30 34
27 26 31 16
31 22 27 20
35 32 8 25
29 29 21 21
13 24 35 28
20 14 32 34
16 35 14 35
34 15 20 31
28 16 35 21
35 20 30 15
16 28 32 24
33 13 23 31
12 33 20 35
31 29 25 15
22 34 12 32
35 25 33 7
27 25 27 21
19 35 34 12
28 13 30 29
29 30 28 13
29 21 31 19
14 29 34 23
28 22 30 20
17 23 30 30
27 32 23 18
31 22 18 29
29 5 31 35
34 10 26 30
30 5 30 35
34 21 15 30
34 22 28 16
14 26 26 34
23 35 34 8
26 32 31 11
25 9 33 33
32 25 19 24
23 24 28 25
28 35 20 17
7 33 32 28
7 33 29 31
9 30 30 31
35 35 21 9
20 33 21 26
17 31 25 27
24 16 31 29
11 30 30 29
20 33 28 19
24 15 29 32
25 27 15 33
33 14 33 20
35 18 15 32
16 26 32 26
30 15 34 21
28 33 7 32
35 34 16 15
30 34 30 6
20 29 19 32
27 20 19 34
34 31 30 5
34 18 13 35
12 29 28 31
32 33 12 23
35 29 19 17
34 14 18 34
33 21 20 26
32 8 27 33
11 32 33 24
34 17 18 31
27 22 19 32
31 29 7 33
31 24 12 33
30 18 29 23
33 13 32 22
23 32 33 12
35 20 11 34
33 32 9 26
32 17 29 22
14 34 26 26
25 11 34 30
25 22 28 25
33 18 33 16
17 26 35 22
30 13 25 32
21 11 34 34
16 34 24 26
15 20 35 30
28 25 28 19
31 6 35 28
30 31 5 34
21 31 13 35
23 35 14 28
15 28 28 29
27 24 29 20
35 22 26 17
25 34 24 17
30 22 29 19
15 33 28 24
14 33 28 25
11 23 35 31
22 31 17 30
24 26 29 21
31 22 26 21
23 34 14 29
8 33 26 33
20 35 12 33
8 27 35 30
30 28 33 9
17 34 15 34
32 30 16 22
35 25 26 14
32 18 24 26
34 10 34 22
24 24 28 24
22 30 30 18
20 29 27 24
17 28 29 26
18 31 30 21
23 27 31 19
33 13 29 25
24 23 19 34
21 34 23 22
26 33 32 9
31 21 33 15
22 34 30 14
21 30 29 20
32 14 30 24
11 30 29 30
31 24 33 12
27 27 24 22
24 27 21 28
19 22 32 27
17 27 22 34
6 32 28 34
34 34 25 7
13 33 25 29
28 25 33 14
26 35 33 6
21 27 27 25
33 13 25 29
34 32 23 11
35 33 6 26
19 20 33 28
26 18 33 23
33 6 31 30
23 32 12 33
21 22 31 26
32 22 35 11
15 32 21 32
34 16 25 25
33 21 18 28
33 9 23 35
33 18 24 25
7 30 32 31
33 7 31 29
35 13 35 17
20 35 15 30
5 31 32 32
33 23 20 24
25 35 35 5
19 30 32 19
35 32 18 15
32 19 29 20
24 34 27 15
29 15 33 23
35 31 7 27
26 29 30 15
11 32 29 28
29 16 27 28
32 13 29 26
34 30 10 26
14 23 29 34
35 20 12 33
28 29 29 14
32 16 26 26
32 23 29 16
26 26 16 32
14 33 22 31
34 27 24 15
24 35 30 11
16 32 33 19
16 22 29 33
14 31 20 35
13 32 22 33
18 20 35 27
32 28 29 11
19 24 35 22
26 35 34 5
31 29 26 14
33 28 24 15
29 20 29 22
25 35 32 8
34 24 24 18
23 20 24 33
23 22 31 24
23 26 18 33
34 27 13 26
33 32 30 5
22 30 17 31
10 33 33 24
28 20 32 20
17 31 19 33
31 14 29 26
28 16 30 26
18 30 29 23
26 20 24 30
27 25 23 25
14 29 29 28
35 34 15 16
9 30 32 29
25 31 27 17
24 25 22 29
14 33 26 27
29 22 20 29
27 15 28 30
31 22 20 27
18 32 19 31
30 11 27 32
28 23 22 27
13 34 25 28
25 33 27 15
25 32 19 24
25 28 31 16
32 25 21 22
24 32 18 26
30 27 30 13
26 26 30 18
24 11 30 35
19 28 34 19
24 26 25 25
24 32 34 10
24 34 9 33
14 31 23 32
24 20 28 28
24 24 30 22
33 17 34 16
24 21 32 23
34 34 22 10
28 32 31 9
34 23 24 19
18 15 34 33
25 34 13 28
27 14 33 26
14 35 33 18
16 17 33 34
10 32 29 29
21 10 35 34
32 32 18 18
16 34 26 24
17 25 31 27
31 25 21 23
11 26 30 33
6 27 34 33
6 33 34 27
35 26 10 29
33 33 29 5
32 19 33 16
31 28 21 20
35 35 23 7
18 31 29 22
30 15 30 25
11 35 31 23
33 25 25 17
33 29 12 26
22 35 17 26
35 13 34 18
24 21 24 31
26 20 25 29
28 23 27 22
33 31 18 18
27 9 32 32
8 32 35 25
26 18 22 34
29 22 29 20
21 35 21 23
34 33 23 10
30 19 21 30
24 30 13 33
22 18 32 28
21 25 28 26
33 31 11 25
20 22 30 28
32 35 19 14
29 13 23 35
28 21 21 30
25 13 35 27
27 34 6 33
27 7 33 33
24 29 12 35
28 35 7 30
28 18 31 23
27 30 10 33
28 35 18 19
33 19 16 32
28 19 30 23
15 33 29 23
28 28 33 11
28 35 5 32
25 22 33 20
10 28 35 27
20 27 26 27
35 23 13 29
34 5 28 33
18 28 21 33
20 33 31 16
26 21 28 25
13 25 28 34
28 23 25 24
8 33 33 26
32 13 26 29
14 30 35 21
34 31 19 16
27 22 24 27
20 31 17 32
11 34 21 34
23 33 34 10
7 34 30 29
18 33 26 23
25 26 14 35
35 17 29 19
18 31 33 18
21 33 32 14
15 23 34 28
27 31 12 30
35 8 32 25
34 34 5 27
14 29 32 25
11 23 32 34
18 28 33 21
27 29 18 26
17 24 30 29
26 32 8 34
29 30 10 31
31 32 29 8
26 35 16 23
33 14 22 31
22 17 31 30
19 17 34 30
27 32 18 23
34 12 33 21
30 24 19 27
33 33 24 10
32 11 35 22
6 29 35 30
22 31 25 22
8 35 31 26
22 32 21 25
32 6 35 27
35 32 20 13
15 31 20 34
25 30 10 35
35 31 12 22
13 28 34 25
34 33 24 9
19 23 24 34
8 27 32 33
22 26 26 26
15 21 34 30
35 33 9 23
32 21 34 13
5 33 32 30
33 25 7 35
28 21 30 21
29 14 23 34
32 32 31 5
23 35 30 12
15 29 29 27
31 17 35 17
30 17 18 35
13 28 33 26
26 17 27 30
30 23 26 21
18 35 12 35
33 29 16 22
23 12 34 31
23 18 26 33
10 35 33 22
6 26 34 34
21 31 30 18
28 12 29 31
20 32 22 26
26 24 19 31
23 20 26 31
18 20 30 32
14 24 28 34
33 24 11 32
5 26 35 34
9 32 31 28
14 29 31 26
27 33 6 34
14 32 35 19
33 21 34 12
23 29 32 16
30 23 12 35
31 20 18 31
24 33 17 26
31 5 32 32
12 32 27 29
31 14 33 22
30 8 29 33
33 30 11 26
35 28 10 27
9 29 30 32
30 9 28 33
9 22 35 34
24 18 31 27
23 17 33 27
30 25 30 15
19 34 26 21
15 34 29 22
34 22 31 13
30 30 16 24
24 29 16 31
23 31 34 12
21 23 21 35
23 31 23 23
17 19 30 34
23 35 9 33
34 32 6 28
10 23 32 35
23 14 34 29
29 25 31 15
21 23 31 25
25 31 32 12
28 29 22 21
34 34 18 14
31 17 19 33
34 30 24 12
13 28 25 34
28 21 35 16
14 27 30 29
17 29 32 22
22 10 35 33
16 23 31 30
30 19 28 23
17 24 24 35
29 25 22 24
27 27 31 15
29 34 27 10
13 30 34 23
32 25 35 8
27 13 26 34
27 19 19 35
25 33 32 10
16 19 35 30
18 23 28 31
30 34 8 28
31 23 19 27
21 31 32 16
33 22 12 33
30 25 25 20
17 35 27 21
31 19 19 31
26 22 33 19
28 29 21 22
26 25 16 33
28 12 27 33
16 35 18 31
22 33 26 19
12 32 23 33
28 30 27 15
26 26 18 30
21 21 26 32
26 31 23 20
17 29 29 25
32 5 33 30
9 25 33 33
33 33 15 19
12 35 29 24
17 20 32 31
27 17 25 31
33 7 29 31
19 26 20 35
25 18 33 24
32 19 16 33
26 19 30 25
33 33 9 25
24 32 28 16
17 23 32 28
21 25 24 30
20 30 15 35
25 13 33 29
24 19 29 28
16 31 27 26
34 26 35 5
27 30 24 19
34 11 31 24
25 31 28 16
33 8 31 28
32 20 34 14
30 33 18 19
32 8 29 31
21 30 18 31
35 34 10 21
29 17 35 19
31 29 19 21
35 27 24 14
25 22 32 21
28 19 18 35
22 34 11 33
27 33 13 27
20 17 31 32
28 17 25 30
17 34 25 24
21 20 24 35
19 32 18 31
19 33 30 18
23 35 21 21
35 7 33 25
23 17 30 30
30 33 26 11
20 20 27 33
30 9 33 28
19 23 25 33
31 32 27 10
21 14 34 31
34 35 20 11
28 12 28 32
32 14 23 31
24 10 33 33
35 14 24 27
35 22 10 33
10 34 24 32
21 29 19 31
21 26 18 35
35 16 29 20
30 33 15 22
27 34 22 17
29 19 22 30
34 21 35 10
34 18 26 22
33 32 20 15
16 21 35 28
22 28 31 19
35 29 22 14
8 27 33 32
30 29 8 33
11 23 33 33
6 29 32 33
9 30 26 35
19 34 30 17
22 18 29 31
34 22 34 10
16 25 28 31
34 29 23 14
31 17 28 24
23 9 33 35
20 29 25 26
16 24 26 34
25 34 26 15
22 22 26 30
29 29 17 25
19 18 33 30
34 24 11 31
29 11 29 31
33 35 13 19
30 22 18 30
13 34 28 25
14 24 33 29
27 14 26 33
31 31 30 8
15 24 32 29
22 35 21 22
34 35 16 15
32 21 14 33
35 23 32 10
35 25 14 26
32 29 16 23
10 29 34 27
32 22 21 25
29 16 22 33
26 34 21 19
35 27 32 6
16 29 31 24
21 20 25 34
25 16 24 35
17 29 30 24
21 26 31 22
24 22 27 27
35 7 25 33
34 16 24 26
19 21 28 32
13 31 31 25
24 30 35 11
15 32 27 26
33 33 8 26
20 20 35 25
23 31 12 34
7 24 35 34
30 15 29 26
12 35 33 20
30 19 22 29
25 31 23 21
17 20 34 29
11 22 32 35
30 30 13 27
35 22 19 24
32 33 26 9
31 21 30 18
20 26 20 34
22 35 30 13
5 31 29 35
29 27 16 28
13 29 28 30
21 18 30 31
7 29 31 33
17 33 20 30
17 28 22 33
16 34 31 19
11 29 33 27
22 25 25 28
22 29 31 18
35 31 19 15
33 22 13 32
24 28 13 35
31 12 27 30
30 15 22 33
33 25 9 33
33 28 8 31
15 15 35 35
26 19 23 32
34 20 34 12
34 31 13 22
19 34 14 33
12 27 35 26
31 7 30 32
24 27 20 29
35 32 12 21
25 33 30 12
29 27 22 22
24 32 27 17
34 10 30 26
32 32 26 10
27 32 30 11
7 31 32 30
27 33 31 9
24 13 32 31
15 18 32 35
34 23 25 18
23 29 21 27
26 25 17 32
29 27 25 19
22 29 18 31
33 34 26 7
19 34 23 24
31 13 30 26
31 20 33 16
26 30 33 11
27 26 28 19
26 31 10 33
31 15 31 23
12 24 32 32
19 25 23 33
31 20 19 30
26 25 22 27
34 27 15 24
23 28 34 15
11 27 27 35
20 20 28 32
31 20 15 34
35 30 16 19
34 32 21 13
9 35 32 24
22 33 16 29
35 34 25 6
26 34 17 23
31 18 34 17
33 16 23 28
31 32 25 12
35 16 35 14
19 27 32 22
32 25 16 27
33 27 27 13
19 23 29 29
25 17 31 27
20 31 32 17
33 31 24 12
25 17 35 23
35 28 30 7
20 27 31 22
34 18 19 29
33 9 35 23
12 34 21 33
25 27 19 29
11 20 35 34
28 27 22 23
33 33 6 28
35 26 24 15
33 16 34 17
21 28 19 32
35 32 22 11
21 35 17 27
25 24 18 33
21 15 34 30
12 32 31 25
28 30 30 12
20 35 24 21
22 29 24 25
29 34 25 12
24 24 32 20
22 34 23 21
8 33 34 25
33 18 25 24
32 18 19 31
12 26 33 29
19 29 21 31
17 28 25 30
35 32 13 20
28 31 29 12
20 30 28 22
29 35 15 21
22 25 30 23
9 26 30 35
23 14 28 35
29 32 34 5
23 33 32 12
16 27 30 27
33 35 18 14
18 34 28 20
34 13 29 24
26 28 35 11
23 19 35 23
27 21 34 18
18 33 23 26
24 9 35 32
31 28 22 19
25 16 27 32
8 34 29 29
33 30 31 6
34 35 14 17
30 24 11 35
20 25 31 24
31 29 32 8
32 29 19 20
33 6 32 29
33 25 31 11
34 28 21 17
27 33 19 21
31 21 34 14
17 26 32 25
27 8 32 33
33 17 22 28
24 22 29 25
28 26 14 32
24 27 27 22
21 29 30 20
20 18 30 32
27 11 32 30
24 13 34 29
29 29 23 19
15 32 35 18
18 34 33 15
24 27 29 20
34 28 29 9
6 31 28 35
31 24 11 34
24 16 26 34
15 31 31 23
27 16 34 23
25 21 30 24
29 35 21 15
13 26 28 33
16 35 32 17
35 32 27 6
19 24 23 34
24 27 26 23
21 29 27 23
34 20 30 16
33 28 32 7
31 35 8 26
16 30 22 32
31 15 33 21
14 31 21 34
25 25 35 15
5 34 28 33
25 28 18 29
28 35 17 20
32 5 30 33
25 21 34 20
18 33 15 34
35 28 19 18
28 29 31 12
34 10 24 32
7 35 25 33
31 7 28 34
23 30 19 28
33 11 28 28
22 30 19 29
33 26 22 19
12 33 35 20
23 33 22 22
34 27 20 19
22 28 19 31
19 17 33 31
18 27 27 28
26 33 26 15
22 25 32 21
26 21 32 21
29 28 19 24
7 27 32 34
29 9 33 29
17 29 26 28
29 35 28 8
16 28 24 32
29 26 18 27
32 28 9 31
8 34 30 28
23 34 19 24
11 27 34 28
30 32 23 15
26 25 33 16
29 24 30 17
35 20 13 32
27 24 35 14
8 34 35 23
18 35 33 14
32 19 34 15
19 34 21 26
32 17 23 28
28 34 26 12
16 19 34 31
12 35 18 35
18 18 30 34
14 28 23 35
25 15 27 33
24 17 29 30
35 22 21 22
25 23 33 19
25 26 33 16
21 34 14 31
35 21 17 27
32 10 35 23
14 27 24 35
23 32 26 19
23 30 13 34
7 33 31 29
29 31 15 25
23 15 35 27
24 23 29 24
17 30 26 27
28 27 30 15
21 33 21 25
31 32 20 17
17 31 26 26
25 33 29 13
24 30 17 29
35 29 27 9
18 26 31 25
22 28 34 16
14 32 23 31
26 21 31 22
21 32 18 29
29 27 29 15
13 17 35 35
13 35 30 22
35 13 30 22
20 22 23 35
29 32 23 16
26 7 35 32
16 20 29 35
24 16 32 28
32 11 27 30
34 22 17 27
19 28 25 28
26 28 15 31
14 33 27 26
19 32 22 27
34 35 7 24
9 27 30 34
20 24 22 34
30 27 35 8
21 27 33 19
35 26 13 26
25 27 20 28
18 29 21 32
29 23 32 16
14 35 35 16
15 28 29 28
35 15 27 23
34 19 34 13
19 17 35 29
35 11 24 30
30 12 34 24
29 32 15 24
32 35 11 22
18 19 29 34
30 33 27 10
14 32 24 30
34 28 6 32
17 27 32 24
32 23 21 24
31 22 32 15
20 35 26 19
24 32 22 22
19 16 34 31
14 34 20 32
29 30 12 29
23 33 26 18
19 31 15 35
26 29 21 24
27 17 23 33
27 34 21 18
32 25 29 14
30 11 34 25
17 29 25 29
17 30 21 32
23 28 28 21
22 30 25 23
33 35 17 15
21 29 29 21
19 30 35 16
15 35 29 21
29 18 26 27
30 31 14 25
32 26 21 21
20 30 31 19
34 23 31 12
20 28 31 21
30 34 31 5
8 23 35 34
15 31 30 24
30 6 30 34
24 25 31 20
34 28 9 29
13 33 28 26
23 32 19 26
23 29 27 21
18 31 23 28
26 33 27 14
19 16 31 34
13 20 32 35
21 17 33 29
7 33 34 26
31 29 18 22
13 22 32 33
34 17 24 25
31 34 10 25
28 19 20 33
32 29 12 27
31 19 29 21
10 33 29 28
9 35 21 35
33 25 17 25
30 33 22 15
23 25 26 26
33 21 27 19
19 33 27 21
34 28 19 19
25 31 34 10
10 29 30 31
33 18 14 35
10 32 33 25
19 19 31 31
26 21 33 20
34 30 7 29
23 21 32 24
34 7 29 30
31 9 26 34
32 15 33 20
20 31 28 21
27 20 20 33
20 23 30 27
30 19 16 35
32 17 34 17
23 34 31 12
31 9 28 32
31 22 34 13
11 32 24 33
28 33 12 27
8 33 25 34
31 23 22 24
27 14 32 27
26 29 10 35
21 23 34 22
25 33 34 8
33 31 8 28
31 24 26 19
9 28 28 35
10 27 31 32
34 7 31 28
24 30 30 16
26 18 31 25
18 34 17 31
34 32 19 15
26 14 31 29
31 13 32 24
21 25 25 29
16 26 35 23
27 27 25 21
19 23 33 25
33 28 6 33
34 6 25 35
27 28 28 17
30 16 33 21
10 33 30 27
20 31 20 29
29 22 17 32
18 22 29 31
24 29 15 32
20 28 27 25
26 17 28 29
32 26 29 13
16 22 27 35
32 12 28 28
30 26 23 21
20 29 17 34
22 23 26 29
13 31 34 22
27 19 34 20
27 19 32 22
32 18 20 30
26 12 29 33
12 28 33 27
29 16 26 29
23 22 27 28
34 18 18 30
13 31 24 32
19 32 31 18
17 14 34 35
32 32 14 22
25 31 21 23
8 35 22 35
30 33 5 32
17 33 32 18
26 35 24 15
33 21 23 23
25 30 16 29
35 24 33 8
30 25 14 31
26 20 26 28
32 22 27 19
29 31 30 10
6 33 28 33
30 27 33 10
27 25 16 32
23 18 32 27
21 33 17 29
21 17 27 35
31 23 25 21
33 13 27 27
12 33 21 34
33 27 20 20
29 14 30 27
35 26 25 14
25 25 19 31
35 18 31 16
33 28 19 20
17 18 34 31
31 25 11 33
19 26 26 29
19 32 34 15
28 9 33 30
22 27 19 32
26 12 30 32
14 30 24 32
26 28 29 17
8 28 29 35
8 34 33 25
31 33 15 21
9 26 35 30
23 32 13 32
31 7 27 35
25 13 31 31
19 17 29 35
19 32 23 26
25 19 24 32
30 23 27 20
24 34 29 13
23 20 27 30
33 13 34 20
31 9 35 25
17 31 21 31
31 9 27 33
17 19 31 33
18 20 28 34
13 20 33 34
30 14 33 23
27 30 32 11
12 20 35 33
31 26 27 16
31 27 32 10
27 34 33 6
30 33 20 17
25 34 12 29
29 25 24 22
18 19 30 33
19 19 35 27
24 35 7 34
22 33 15 30
35 26 22 17
30 33 25 12
16 35 31 18
18 29 32 21
19 29 31 21
18 24 29 29
22 34 33 11
35 10 34 21
32 33 19 16
24 23 32 21
29 29 34 8
30 17 19 34
18 21 32 29
31 24 34 11
24 27 30 19
25 34 22 19
35 30 5 30
27 28 11 34
18 32 17 33
17 33 34 16
31 27 15 27
29 34 9 28
23 24 24 29
33 23 26 18
16 18 32 34
30 30 24 16
6 29 34 31
14 27 33 26
30 19 31 20
27 20 34 19
34 26 21 19
23 26 31 20
33 35 7 25
33 13 35 19
32 22 20 26
26 9 33 32
33 31 7 29
32 20 16 32
35 18 32 15
9 30 31 30
32 21 24 23
32 19 28 21
29 35 17 19
30 24 33 13
34 25 29 12
22 31 32 15
29 23 30 18
35 29 20 16
23 33 18 26
26 15 24 35
23 18 30 29
27 22 22 29
31 16 29 24
32 26 34 8
33 24 9 34
6 35 24 35
13 35 28 24
26 14 35 25
32 28 28 12
13 21 33 33
5 29 34 32
10 28 31 31
25 13 27 35
22 30 26 22
27 31 28 14
22 33 14 31
25 33 16 26
34 18 20 28
31 25 17 27
26 34 22 18
31 23 27 19
27 22 26 25
32 27 17 24
23 18 35 24
33 24 28 15
31 27 33 9
29 15 25 31
27 16 35 22
32 28 19 21
30 10 30 30
19 27 21 33
18 15 32 35
31 21 21 27
30 5 33 32
19 33 25 23
6 33 27 34
24 30 32 14
20 33 20 27
34 26 34 6
33 22 19 26
29 20 24 27
14 32 27 27
28 31 26 15
24 31 23 22
14 22 33 31
26 21 27 26
25 32 21 22
30 10 31 29
8 27 31 34
18 29 18 35
22 27 23 28
29 14 26 31
22 33 21 24
22 27 17 34
14 19 35 32
33 31 21 15
21 32 23 24
33 21 22 24
9 27 32 32
26 22 23 29
32 17 30 21
19 33 14 34
12 31 26 31
14 33 23 30
25 34 31 10
25 16 30 29
34 25 32 9
14 35 27 24
35 18 28 19
29 13 32 26
13 30 22 35
34 24 10 32
25 35 18 22
29 5 35 31
20 26 31 23
34 17 23 26
35 22 9 34
35 15 19 31
30 7 29 34
33 27 14 26
19 25 33 23
9 23 33 35
24 32 9 35
27 24 19 30
26 34 18 22
28 26 32 14
25 23 19 33
32 29 14 25
8 35 32 25
35 30 17 18
10 30 30 30
22 31 19 28
24 23 28 25
33 30 17 20
34 21 26 19
35 26 26 13
13 23 29 35
26 26 20 28
18 35 28 19
10 30 31 29
29 12 31 28
34 21 18 27
35 29 9 27
22 30 23 25
25 33 10 32
33 33 23 11
28 34 23 15
35 26 21 18
11 27 33 29
35 12 26 27
19 21 25 35
31 35 21 13
32 33 22 13
14 31 29 26
35 32 25 8
21 34 19 26
34 9 32 25
33 20 12 35
28 30 29 13
35 28 16 21
18 29 29 24
13 33 19 35
27 33 18 22
21 34 18 27
25 31 24 20
29 32 11 28
16 21 32 31
31 27 18 24
28 34 32 6
28 32 17 23
27 21 21 31
30 17 24 29
34 28 24 14
32 23 19 26
16 27 35 22
25 7 34 34
25 34 11 30
31 26 8 35
34 19 31 16
31 15 24 30
33 15 30 22
26 28 20 26
29 33 18 20
15 25 28 32
19 21 35 25
32 29 5 34
15 28 24 33
28 35 23 14
13 33 22 32
30 14 32 24
34 8 26 32
12 23 32 33
19 22 27 32
32 28 30 10
25 30 28 17
24 20 32 24
34 9 31 26
23 24 31 22
23 30 35 12
29 21 20 30
28 28 12 32
6 28 34 32
35 34 13 18
35 22 30 13
20 35 19 26
27 19 31 23
16 34 22 28
21 21 29 29
10 35 23 32
33 12 30 25
24 13 31 32
31 33 23 13
21 34 17 28
24 25 29 22
31 19 23 27
29 35 8 28
24 15 28 33
20 29 21 30
31 30 9 30
35 27 33 5
34 27 19 20
33 10 29 28
30 34 13 23
35 24 21 20
32 8 35 25
35 26 20 19
34 32 26 8
15 32 25 28
21 34 13 32
35 29 30 6
19 29 20 32
24 21 26 29
19 34 31 16
21 34 35 10
32 35 24 9
32 25 31 12
30 21 31 18
18 24 31 27
31 23 28 18
25 26 34 15
35 29 6 30
18 17 32 33
31 29 24 16
31 28 10 31
20 21 29 30
27 16 27 30
35 23 24 18
17 29 33 21
6 35 28 31
28 32 28 12
28 34 15 23
21 15 31 33
31 34 14 21
20 13 32 35
23 26 26 25
35 30 13 22
24 20 35 21
7 29 32 32
16 35 15 34
28 27 23 22
31 19 16 34
25 20 23 32
34 17 15 34
26 27 23 24
24 31 31 14
17 25 25 33
29 14 33 24
22 29 20 29
26 22 19 33
26 33 30 11
32 24 18 26
34 29 18 19
31 26 31 12
34 31 23 12
33 23 12 32
33 33 5 29
17 31 29 23
27 20 29 24
19 19 30 32
34 35 8 23
17 29 31 23
12 33 32 23
15 35 28 22
34 7 28 31
15 31 25 29
11 35 35 19
14 23 34 29
28 25 21 26
13 25 34 28
23 21 33 23
26 11 31 32
23 16 29 32
33 28 7 32
15 23 30 32
29 25 14 32
31 5 31 33
29 27 20 24
26 31 12 31
32 14 24 30
22 29 14 35
21 33 28 18
31 25 13 31
18 30 19 33
27 12 28 33
27 26 25 22
28 33 33 6
14 34 29 23
33 27 16 24
16 34 20 30
29 25 26 20
11 35 22 32
32 21 15 32
20 34 30 16
19 25 32 24
33 22 17 28
28 19 35 18
15 32 19 34
29 26 31 14
28 27 15 30
26 32 14 28
33 10 27 30
31 35 22 12
24 22 20 34
13 25 35 27
31 27 9 33
32 27 33 8
14 19 33 34
21 34 26 19
15 29 21 35
28 22 20 30
10 34 29 27
26 20 21 33
31 24 20 25
18 17 31 34
28 29 20 23
33 30 19 18
35 22 22 21
28 27 14 31
35 23 33 9
23 34 8 35
20 14 34 32
25 6 34 35
18 26 26 30
29 14 28 29
31 31 33 5
22 30 27 21
31 9 34 26
21 30 26 23
19 29 34 18
20 23 31 26
34 34 12 20
32 9 26 33
14 25 32 29
32 23 33 12
32 22 31 15
21 35 12 32
19 33 33 15
29 28 25 18
11 34 30 25
15 30 27 28
25 34 20 21
28 17 28 27
21 12 33 34
26 33 15 26
27 34 14 25
25 21 28 26
21 33 11 35
29 34 15 22
35 20 19 26
29 24 19 28
15 25 26 34
21 23 24 32
22 10 33 35
27 34 17 22
22 9 34 35
5 35 33 27
35 25 5 35
25 12 32 31
33 20 19 28
35 13 22 30
16 27 22 35
32 35 8 25
17 33 21 29
24 19 34 23
27 24 21 28
23 32 32 13
28 31 8 33
21 17 31 31
30 23 24 23
23 33 9 35
22 19 33 26
35 26 23 16
27 20 26 27
35 17 25 23
26 29 14 31
26 13 33 28
35 21 29 15
28 18 23 31
25 18 27 30
28 12 35 25
34 19 23 24
29 30 19 22
34 16 32 18
21 25 33 21
28 33 31 8
34 16 22 28
33 19 17 31
27 14 27 32
19 11 35 35
33 26 30 11
22 25 26 27
32 25 27 16
8 35 29 28
30 20 34 16
24 27 34 15
19 30 17 34
30 17 23 30
26 34 35 5
28 22 29 21
26 32 27 15
22 32 23 23
29 11 35 25
23 26 22 29
32 6 34 28
11 33 30 26
15 28 27 30
24 21 29 26
30 31 19 20
28 16 33 23
30 29 13 28
15 24 28 33
26 33 33 8
35 34 21 10
15 26 34 25
28 33 19 20
34 24 21 21
20 22 25 33
27 9 35 29
25 32 35 8
28 30 8 34
34 25 18 23
30 13 29 28
29 35 20 16
25 35 5 35
22 30 24 24
31 11 33 25
18 34 25 23
32 20 13 35
29 24 17 30
27 18 35 20
31 22 23 24
31 10 27 32
28 28 10 34
22 29 26 23
24 24 34 18
6 30 35 29
23 27 19 31
12 30 31 27
30 22 28 20
13 29 35 23
11 24 33 32
26 9 34 31
16 17 32 35
13 29 33 25
13 18 34 35
30 20 31 19
29 29 8 34
12 29 33 26
20 35 23 22
25 27 13 35
33 28 14 25
24 25 18 33
33 33 25 9
35 12 33 20
26 32 30 12
21 16 34 29
35 16 21 28
25 13 32 30
26 30 13 31
22 27 27 24
15 27 27 31
8 28 35 29
19 31 24 26
27 21 29 23
26 27 35 12
26 22 34 18
32 32 28 8
31 25 30 14
30 21 14 35
27 24 14 35
33 27 10 30
30 15 21 34
25 14 31 30
34 28 30 8
14 24 32 30
31 32 21 16
24 21 30 25
32 30 18 20
30 28 27 15
12 27 27 34
24 30 12 34
32 28 6 34
22 16 32 30
33 23 24 20
35 27 13 25
34 8 25 33
26 35 19 20
25 22 35 18
21 15 30 34
29 30 30 11
18 21 33 28
24 17 28 31
33 25 11 31
33 27 5 35
26 21 20 33
35 20 34 11
8 34 25 33
26 16 26 32
15 30 33 22
26 5 34 35
22 32 11 35
33 28 11 28
28 9 30 33
17 31 27 25
16 29 30 25
33 25 15 27
26 28 12 34
23 24 30 23
25 25 21 29
25 31 22 22
27 18 21 34
35 5 27 33
28 28 34 10
33 9 25 33
31 23 24 22
33 26 18 23
30 29 18 23
30 26 29 15
29 18 22 31
26 34 19 21
27 33 35 5
31 32 23 14
24 26 33 17
5 28 35 32
30 21 23 26
18 28 30 24
29 26 11 34
15 31 32 22
34 32 25 9
16 28 22 34
24 21 21 34
24 35 32 9
21 27 25 27
14 32 26 28
5 35 29 31
6 32 29 33
35 34 12 19
24 24 18 34
34 9 35 22
24 32 13 31
33 33 22 12
28 34 6 32
27 31 29 13
16 34 16 34
35 19 26 20
19 35 25 21
25 19 29 27
12 23 34 31
26 35 11 28
23 15 34 28
22 23 30 25
22 18 27 33
33 18 19 30
28 28 30 14
28 12 32 28
30 32 32 6
28 20 29 23
23 28 23 26
25 20 28 27
22 25 28 25
34 14 28 24
20 32 30 18
25 26 31 18
19 35 16 30
23 10 32 35
26 31 31 12
25 26 25 24
17 35 18 30
20 32 28 20
16 24 28 32
10 34 23 33
22 24 35 19
22 22 31 25
27 16 25 32
29 5 33 33
32 11 28 29
34 32 15 19
28 34 30 8
11 20 34 35
35 24 8 33
29 18 28 25
27 16 26 31
21 26 29 24
33 14 29 24
20 29 31 20
27 31 20 22
33 17 20 30
29 11 30 30
28 23 33 16
32 30 8 30
31 29 35 5
23 22 22 33
23 14 30 33
15 30 30 25
35 11 22 32
27 23 17 33
28 28 21 23
21 27 32 20
16 32 18 34
32 21 35 12
28 16 24 32
33 17 30 20
35 31 8 26
24 18 23 35
22 23 24 31
32 32 12 24
24 30 28 18
25 9 32 34
32 34 14 20
33 22 20 25
31 21 24 24
31 24 32 13
35 24 26 15
9 30 27 34
12 33 26 29
35 25 35 5
14 32 19 35
34 15 28 23
28 28 17 27
18 28 28 26
35 19 19 27
28 19 28 25
30 23 31 16
23 26 34 17
27 29 21 23
33 8 30 29
27 22 28 23
30 30 31 9
33 23 15 29
31 23 29 17
32 33 29 6
28 31 24 17
19 26 24 31
17 26 28 29
33 26 25 16
24 12 32 32
22 33 31 14
28 28 25 19
28 14 33 25
27 16 28 29
35 25 17 23
19 32 30 19
27 28 30 15
33 35 25 7
31 15 30 24
33 35 26 6
12 31 34 23
35 30 19 16
19 24 32 25
10 35 32 23
26 18 35 21
25 10 34 31
24 22 22 32
34 8 35 23
23 18 33 26
33 25 27 15
18 32 27 23
33 14 30 23
17 26 22 35
30 31 13 26
33 32 28 7
18 19 31 32
27 26 33 14
29 26 22 23
22 18 30 30
29 11 26 34
25 7 33 35
22 27 32 19
29 27 28 16
35 20 27 18
23 29 28 20
35 5 35 25
32 27 35 6
32 24 15 29
34 8 33 25
22 28 16 34
19 20 27 34
27 32 35 6
33 24 29 14
25 14 30 31
24 31 35 10
7 33 26 34
33 31 16 20
22 19 25 34
27 25 29 19
30 35 30 5
33 30 22 15
6 29 30 35
26 21 24 29
31 26 34 9
26 33 19 22
29 15 34 22
35 25 13 27
34 28 18 20
19 32 28 21
19 23 31 27
26 23 32 19
26 29 28 17
35 26 29 10
20 32 29 19
35 23 22 20
27 18 32 23
34 24 16 26
10 31 35 24
17 30 18 35
26 29 35 10
23 22 34 21
27 34 11 28
22 31 13 34
16 28 26 30
34 19 22 25
12 30 28 30
24 20 24 32
33 20 29 18
30 9 27 34
22 23 31 24
30 23 35 12
26 17 23 34
34 32 11 23
35 25 22 18
34 11 20 35
35 20 31 14
17 15 35 33
18 27 32 23
18 32 31 19
28 11 31 30
30 16 20 34
14 23 32 31
14 31 33 22
32 33 7 28
19 31 32 18
27 24 26 23
23 29 34 14
14 23 31 32
28 13 33 26
10 26 32 32
21 35 24 20
31 32 6 31
31 12 23 34
34 31 18 17
30 10 34 26
28 17 30 25
21 34 29 16
19 35 29 17
33 32 25 10
11 33 28 28
34 22 22 22
21 32 22 25
35 5 25 35
24 8 33 35
28 15 30 27
35 18 21 26
24 19 22 35
35 32 26 7
30 7 31 32
29 20 19 32
31 32 22 15
33 24 32 11
26 19 24 31
31 16 22 31
30 11 25 34
32 14 32 22
9 24 33 34
17 31 17 35
30 26 22 22
34 26 31 9
31 7 29 33
7 34 25 34
35 33 11 21
33 19 24 24
14 35 32 19
33 21 13 33
29 29 14 28
16 23 35 26
