4 36 27 33
65 9 10 16
15 25 53 7
3 51 23 23
12 12 19 57
7 48 15 30
3 69 14 14
1 24 2 73
11 7 59 23
10 5 74 11
1 20 18 61
11 2 30 57
8 28 17 47
4 36 6 54
1 40 12 47
15 10 3 72
11 46 36 7
39 5 3 53
29 32 32 7
29 26 12 33
2 17 35 46
21 1 27 51
34 37 8 21
21 45 22 12
10 9 78 3
6 84 4 6
16 13 40 31
50 4 35 11
4 55 14 27
10 28 57 5
12 26 22 40
20 15 42 23
51 1 15 33
6 9 72 13
1 1 70 28
34 43 1 22
40 18 39 3
6 77 6 11
40 5 42 13
13 38 48 1
3 25 21 51
16 62 21 1
12 2 71 15
57 17 12 14
36 15 24 25
22 18 6 54
27 8 44 21
13 12 1 74
46 15 3 36
6 27 44 23
19 56 18 7
10 50 30 10
12 11 51 26
12 58 2 28
2 37 11 50
73 11 4 12
61 5 17 17
12 30 55 3
3 33 9 55
9 58 14 19
22 4 50 24
10 16 48 26
17 4 33 46
9 17 62 12
33 20 18 29
1 23 30 46
11 43 41 5
17 41 20 22
13 11 8 68
26 7 28 39
69 19 9 3
39 3 24 34
50 17 28 5
2 45 50 3
34 4 54 8
38 32 23 7
47 3 31 19
24 26 7 43
4 55 12 29
35 37 14 14
10 49 25 16
7 16 42 35
4 1 40 55
38 26 15 21
81 2 14 3
24 40 7 29
19 10 15 56
25 12 38 25
16 35 8 41
69 1 19 11
28 9 11 52
8 84 6 2
59 13 10 18
6 40 9 45
12 58 16 14
19 34 16 31
19 70 4 7
24 38 27 11
43 6 16 35
28 44 10 18
59 8 4 29
11 38 46 5
20 18 54 8
10 1 21 68
25 26 3 46
23 62 9 6
30 5 42 23
11 23 10 56
11 14 13 62
43 52 1 4
17 47 28 8
29 25 18 28
57 10 32 1
10 59 29 2
13 38 43 6
31 42 17 10
44 5 2 49
38 6 24 32
4 18 14 64
9 7 83 1
39 35 13 13
24 43 15 18
35 12 23 30
51 1 45 3
33 11 9 47
39 20 3 38
62 4 17 17
6 25 21 48
13 19 57 11
31 38 9 22
17 28 21 34
15 6 74 5
42 7 19 32
21 2 5 72
53 6 37 4
25 25 37 13
5 9 63 23
24 24 10 42
10 29 48 13
7 51 21 21
14 20 14 52
62 12 23 3
1 26 25 48
11 42 9 38
12 47 28 13
53 16 16 15
1 67 7 25
2 1 63 34
10 8 2 80
11 53 6 30
6 14 17 63
18 55 7 20
3 30 58 9
7 25 62 6
16 29 2 53
17 34 39 10
23 20 38 19
40 33 25 2
9 45 7 39
39 20 7 34
55 26 5 14
6 57 28 9
53 17 14 16
14 41 6 39
36 1 56 7
64 3 2 31
3 25 62 10
11 59 17 13
8 29 54 9
43 24 11 22
26 48 16 10
10 19 49 22
32 13 19 36
39 9 20 32
76 5 8 11
6 21 15 58
38 30 8 24
10 22 30 38
23 11 19 47
2 3 86 9
9 26 43 22
61 19 14 6
3 52 35 10
4 64 17 15
40 2 40 18
3 20 1 76
31 45 4 20
3 38 3 56
10 37 46 7
92 2 3 3
3 13 64 20
10 29 12 49
16 55 24 5
12 13 20 55
26 63 2 9
32 28 32 8
57 35 4 4
4 35 19 42
3 22 39 36
18 41 26 15
13 65 14 8
36 9 28 27
51 14 19 16
2 30 49 19
19 46 24 11
32 6 19 43
7 1 90 2
55 7 5 33
2 46 3 49
22 28 42 8
62 10 5 23
16 53 4 27
13 19 11 57
32 6 8 54
13 17 14 56
22 41 19 18
52 11 5 32
20 9 58 13
25 9 62 4
14 72 11 3
47 25 12 16
5 7 62 26
4 9 49 38
14 50 31 5
19 15 12 54
17 17 9 57
14 2 9 75
72 16 6 6
12 66 7 15
13 57 20 10
43 13 15 29
1 10 19 70
8 44 24 24
15 32 12 41
5 62 1 32
4 26 43 27
23 24 35 18
27 10 1 62
40 37 5 18
2 67 12 19
45 9 37 9
30 37 22 11
30 19 32 19
69 2 4 25
22 14 51 13
18 44 34 4
4 65 15 16
1 15 48 36
18 10 21 51
31 50 1 18
5 75 2 18
25 11 4 60
68 7 1 24
51 5 28 16
20 32 29 19
7 35 25 33
9 29 34 28
49 27 12 12
2 58 39 1
17 3 44 36
3 48 41 8
7 65 12 16
28 43 26 3
42 30 2 26
9 7 42 42
9 52 9 30
1 13 65 21
17 48 8 27
13 40 28 19
5 38 19 38
3 46 29 22
9 28 25 38
9 76 7 8
71 18 9 2
51 3 7 39
23 15 31 31
1 19 59 21
42 45 3 10
1 53 34 12
9 60 13 18
70 6 5 19
1 45 20 34
35 14 32 19
20 7 50 23
17 66 14 3
5 4 76 15
47 29 20 4
7 20 52 21
18 18 22 42
37 8 14 41
37 48 10 5
53 25 7 15
18 19 18 45
4 37 37 22
2 1 62 35
35 49 10 6
5 57 22 16
42 37 20 1
1 31 20 48
31 15 53 1
30 17 16 37
33 11 13 43
29 13 40 18
38 35 8 19
11 17 34 38
4 20 59 17
2 67 18 13
48 25 17 10
4 33 59 4
17 11 15 57
55 9 25 11
22 23 50 5
24 20 15 41
18 57 7 18
32 12 38 18
44 3 5 48
27 7 37 29
7 8 84 1
7 30 31 32
4 41 18 37
22 12 59 7
55 33 2 10
46 18 21 15
2 5 24 69
5 18 69 8
33 22 44 1
13 8 51 28
39 34 3 24
17 21 31 31
64 9 2 25
28 24 14 34
6 4 89 1
16 18 3 63
38 6 32 24
2 36 49 13
14 27 35 24
12 37 36 15
49 8 23 20
65 14 14 7
51 17 19 13
37 15 35 13
30 5 14 51
64 16 16 4
29 60 5 6
2 30 27 41
18 35 36 11
11 6 69 14
20 58 10 12
45 42 8 5
18 34 36 12
12 34 41 13
52 34 11 3
21 61 5 13
35 1 48 16
24 21 10 45
69 12 1 18
24 24 14 38
44 5 27 24
19 24 47 10
25 21 40 14
58 1 36 5
24 24 19 33
23 27 8 42
21 10 16 53
25 50 3 22
40 17 5 38
9 55 2 34
5 20 18 57
53 26 16 5
38 23 4 35
20 7 25 48
2 28 21 49
58 25 8 9
15 3 13 69
32 28 29 11
25 9 53 13
14 11 23 52
60 20 1 19
32 23 9 36
62 11 2 25
25 40 19 16
2 16 63 19
12 45 21 22
33 16 8 43
20 50 8 22
13 33 14 40
13 7 20 60
28 6 1 65
1 11 9 79
7 51 25 17
30 20 42 8
71 14 6 9
35 32 23 10
57 7 28 8
14 34 31 21
3 38 24 35
26 43 28 3
42 3 10 45
33 17 19 31
2 12 65 21
58 1 15 26
7 20 56 17
2 3 38 57
51 9 5 35
28 34 18 20
4 44 4 48
13 25 9 53
18 54 13 15
11 13 52 24
26 19 43 12
20 41 11 28
15 13 27 45
24 15 26 35
20 11 47 22
18 7 17 58
51 31 7 11
15 31 1 53
29 22 47 2
32 20 21 27
23 19 10 48
9 45 33 13
27 21 14 38
32 13 45 10
23 30 39 8
31 4 25 40
12 13 14 61
18 7 22 53
13 21 21 45
10 11 59 20
12 50 3 35
4 45 40 11
10 51 18 21
22 27 7 44
3 19 77 1
44 8 46 2
8 20 34 38
56 24 12 8
8 18 34 40
37 56 3 4
41 16 19 24
76 6 13 5
60 27 3 10
2 20 14 64
11 39 4 46
8 2 43 47
5 35 50 10
52 35 8 5
4 59 22 15
1 20 26 53
22 62 7 9
22 13 17 48
19 40 30 11
6 44 5 45
26 49 4 21
49 32 11 8
27 17 3 53
35 3 59 3
8 3 32 57
20 3 57 20
23 9 7 61
5 3 18 74
38 12 19 31
3 6 86 5
42 38 5 15
63 8 5 24
7 66 23 4
3 67 24 6
29 30 17 24
51 29 16 4
42 2 38 18
5 25 53 17
75 6 2 17
32 47 15 6
21 17 53 9
19 11 3 67
22 32 7 39
14 24 7 55
15 58 6 21
9 52 15 24
13 19 4 64
38 40 6 16
5 19 1 75
21 28 10 41
34 54 1 11
38 7 26 29
38 11 37 14
46 4 28 22
11 34 45 10
8 23 5 64
56 7 3 34
9 54 6 31
13 49 4 34
15 36 13 36
10 7 77 6
47 3 42 8
11 3 5 81
6 27 33 34
26 54 15 5
23 15 24 38
2 39 49 10
12 84 3 1
11 6 50 33
8 12 44 36
15 15 23 47
24 20 49 7
49 19 13 19
23 2 60 15
19 68 11 2
37 33 17 13
32 37 8 23
17 6 13 64
1 79 8 12
41 1 26 32
9 19 35 37
10 12 72 6
14 40 29 17
51 23 24 2
33 34 25 8
67 9 6 18
15 35 16 34
39 19 41 1
66 11 22 1
3 6 33 58
14 19 33 34
73 16 2 9
19 34 36 11
46 3 44 7
1 20 72 7
38 14 37 11
32 23 36 9
8 42 23 27
40 27 7 26
16 13 56 15
8 11 41 40
5 4 5 86
15 35 30 20
69 6 3 22
41 26 32 1
25 18 8 49
18 49 13 20
32 32 35 1
55 15 29 1
52 1 6 41
25 21 2 52
69 1 11 19
49 5 27 19
62 4 18 16
23 67 2 8
71 14 7 8
19 8 2 71
2 1 81 16
15 8 68 9
24 13 22 41
56 7 18 19
13 5 14 68
27 48 3 22
22 6 10 62
46 33 16 5
47 29 14 10
20 36 31 13
25 28 4 43
23 11 29 37
68 3 12 17
58 2 18 22
4 30 54 12
31 56 11 2
23 2 44 31
31 1 16 52
34 23 27 16
13 6 21 60
1 27 14 58
56 19 9 16
19 66 4 11
37 8 32 23
11 16 66 7
11 18 49 22
37 15 43 5
20 5 70 5
25 46 16 13
5 37 49 9
7 23 21 49
6 56 21 17
26 2 40 32
15 74 1 10
25 25 6 44
26 23 28 23
4 42 16 38
34 4 33 29
51 1 9 39
9 36 50 5
26 21 45 8
18 17 35 30
2 12 27 59
4 72 21 3
46 34 15 5
9 73 3 15
11 36 3 50
59 3 12 26
10 24 24 42
4 63 24 9
23 57 9 11
9 50 34 7
35 31 2 32
39 33 9 19
33 25 23 19
37 37 5 21
59 3 7 31
10 41 38 11
34 40 11 15
17 13 18 52
75 13 10 2
1 29 59 11
6 42 13 39
9 81 3 7
23 14 43 20
33 2 62 3
34 60 2 4
19 26 28 27
50 36 8 6
2 69 14 15
16 20 34 30
44 20 6 30
61 4 31 4
46 30 19 5
70 2 9 19
15 9 12 64
54 8 9 29
79 1 11 9
29 25 24 22
9 13 18 60
10 8 14 68
32 9 7 52
33 15 3 49
27 7 63 3
9 19 52 20
55 26 18 1
22 9 62 7
49 4 29 18
12 7 59 22
44 5 48 3
54 4 15 27
18 72 7 3
25 4 15 56
19 39 40 2
9 10 52 29
2 21 62 15
13 32 34 21
13 48 16 23
25 5 42 28
32 25 13 30
18 14 36 32
73 1 12 14
24 3 26 47
48 29 10 13
30 24 19 27
58 27 1 14
43 36 15 6
1 2 49 48
56 10 22 12
24 5 25 46
59 8 10 23
23 29 34 14
45 43 3 9
14 13 25 48
12 27 44 17
27 1 63 9
48 6 3 43
22 42 7 29
39 11 14 36
25 51 14 10
3 59 14 24
13 27 27 33
21 42 36 1
64 2 33 1
16 66 4 14
38 39 17 6
28 9 13 50
51 13 14 22
25 3 46 26
72 6 19 3
8 44 16 32
26 8 42 24
16 45 5 34
33 25 40 2
68 8 9 15
48 35 12 5
2 30 4 64
42 1 48 9
80 8 7 5
24 23 31 22
17 1 34 48
13 35 32 20
11 68 14 7
66 3 14 17
21 36 11 32
43 36 4 17
5 8 23 64
9 20 50 21
53 5 25 17
19 52 15 14
5 15 76 4
5 17 64 14
8 28 54 10
76 3 4 17
50 5 13 32
26 69 1 4
17 11 53 19
12 25 55 8
46 40 9 5
7 26 52 15
7 23 44 26
2 39 5 54
27 64 1 8
18 38 1 43
6 20 34 40
10 34 51 5
10 65 6 19
48 14 32 6
14 26 48 12
23 19 55 3
37 8 54 1
38 15 23 24
66 22 10 2
54 7 15 24
34 36 16 14
16 6 4 74
10 2 44 44
31 6 29 34
36 6 51 7
45 21 32 2
18 70 7 5
10 28 52 10
28 6 2 64
15 28 4 53
29 10 8 53
15 5 37 43
22 10 12 56
23 33 11 33
59 16 12 13
16 27 24 33
3 38 36 23
19 22 6 53
50 13 16 21
16 8 29 47
18 4 7 71
17 22 40 21
21 22 34 23
43 10 36 11
17 59 12 12
3 12 14 71
2 26 5 67
7 56 12 25
4 7 7 82
5 18 26 51
30 6 17 47
50 11 33 6
59 18 20 3
18 16 10 56
16 39 16 29
11 44 29 16
10 9 76 5
49 8 19 24
4 7 74 15
73 12 7 8
15 16 58 11
7 13 38 42
11 36 26 27
19 51 4 26
18 15 20 47
28 50 6 16
56 1 24 19
17 25 46 12
24 45 25 6
68 13 14 5
1 67 9 23
40 36 18 6
38 26 17 19
6 20 21 53
15 34 13 38
44 4 35 17
43 30 2 25
37 50 6 7
47 47 2 4
11 61 7 21
12 32 10 46
21 30 6 43
22 19 37 22
34 13 10 43
32 5 1 62
10 33 5 52
43 13 29 15
42 6 21 31
21 31 19 29
57 1 37 5
39 20 22 19
17 7 74 2
59 10 16 15
15 36 1 48
1 8 22 69
3 57 5 35
21 4 18 57
1 11 52 36
6 63 2 29
9 31 42 18
4 39 18 39
5 31 44 20
13 21 14 52
38 43 7 12
13 20 17 50
85 8 4 3
4 5 10 81
59 8 2 31
18 18 21 43
8 73 3 16
13 16 66 5
2 20 67 11
54 24 19 3
30 25 25 20
9 3 87 1
37 12 4 47
9 28 59 4
39 1 20 40
5 35 12 48
19 10 9 62
30 41 8 21
6 22 70 2
50 35 10 5
10 8 16 66
8 29 37 26
52 6 2 40
45 5 29 21
63 11 9 17
2 57 35 6
22 12 15 51
38 20 17 25
21 25 43 11
18 75 2 5
55 19 10 16
18 63 4 15
16 14 39 31
43 3 53 1
23 6 27 44
18 3 58 21
29 18 42 11
46 18 14 22
44 43 10 3
40 9 50 1
29 13 38 20
1 9 60 30
49 37 4 10
13 4 38 45
2 69 27 2
18 31 47 4
68 27 4 1
1 49 30 20
4 34 4 58
1 64 31 4
22 25 25 28
6 50 36 8
43 7 21 29
7 22 25 46
42 8 10 40
10 44 3 43
21 10 38 31
23 28 24 25
8 35 12 45
49 1 39 11
36 11 45 8
12 60 18 10
14 41 42 3
6 50 40 4
43 25 9 23
22 26 40 12
3 65 5 27
58 2 10 30
10 29 56 5
10 62 3 25
34 2 5 59
77 2 6 15
3 53 33 11
11 42 30 17
8 14 7 71
45 13 32 10
6 32 49 13
33 3 25 39
30 10 46 14
2 16 46 36
26 25 10 39
8 30 47 15
78 12 8 2
13 6 2 79
10 37 49 4
14 4 2 80
8 42 33 17
64 6 21 9
11 63 3 23
3 54 4 39
26 15 22 37
16 29 49 6
51 36 4 9
20 20 18 42
6 42 19 33
24 4 70 2
43 32 8 17
44 22 17 17
33 11 52 4
55 14 10 21
51 36 3 10
23 52 10 15
42 1 19 38
21 5 54 20
4 69 20 7
43 27 13 17
30 23 35 12
10 27 14 49
7 15 74 4
22 35 7 36
49 15 28 8
17 27 32 24
33 14 6 47
74 2 23 1
14 20 57 9
2 37 57 4
52 8 17 23
15 24 39 22
15 6 50 29
8 26 35 31
37 56 1 6
17 40 10 33
12 69 12 7
27 14 21 38
14 10 30 46
3 26 60 11
3 1 31 65
1 83 10 6
17 22 46 15
29 19 13 39
3 37 35 25
13 20 54 13
35 22 31 12
4 75 17 4
31 10 3 56
34 46 5 15
12 5 69 14
14 79 4 3
63 16 11 10
12 10 9 69
47 40 6 7
8 58 10 24
72 3 24 1
50 3 46 1
18 40 25 17
34 36 4 26
33 5 5 57
9 44 38 9
39 5 51 5
27 30 4 39
36 25 14 25
4 17 66 13
22 23 38 17
27 30 29 14
16 20 9 55
25 56 17 2
43 33 7 17
17 40 6 37
12 60 14 14
47 22 17 14
1 23 48 28
24 1 23 52
4 14 42 40
50 25 12 13
26 8 25 41
11 7 16 66
40 13 33 14
31 2 61 6
41 27 10 22
21 15 57 7
32 15 25 28
39 12 13 36
43 44 11 2
29 29 5 37
10 61 28 1
59 12 16 13
38 53 5 4
43 27 2 28
46 7 11 36
79 7 9 5
27 48 23 2
3 33 12 52
1 6 62 31
49 20 30 1
46 24 1 29
34 26 39 1
34 14 14 38
16 48 23 13
8 1 69 22
20 8 42 30
26 11 58 5
9 30 12 49
16 44 5 35
