28 41 9 22
76 2 1 21
39 26 3 32
26 59 1 14
16 10 71 3
32 8 12 48
21 2 6 71
2 10 17 71
24 5 8 63
38 5 28 29
54 35 4 7
76 14 6 4
22 35 36 7
12 7 76 5
6 6 24 64
19 7 68 6
22 1 43 34
6 20 17 57
59 19 5 17
41 28 28 3
14 27 24 35
11 35 38 16
20 15 5 60
23 11 54 12
27 30 7 36
14 42 9 35
17 8 50 25
66 25 5 4
25 67 1 7
27 43 2 28
27 17 50 6
63 25 3 9
17 34 19 30
4 61 18 17
18 1 59 22
9 38 46 7
24 21 40 15
16 55 24 5
21 54 17 8
22 20 49 9
2 7 75 16
6 15 9 70
20 68 10 2
3 10 5 82
39 34 16 11
9 35 3 53
4 34 24 38
1 19 4 76
24 25 5 46
45 1 8 46
81 1 7 11
61 4 2 33
68 6 16 10
8 10 73 9
24 63 5 8
3 8 23 66
52 9 34 5
31 1 32 36
5 26 21 48
63 3 25 9
57 19 17 7
23 5 39 33
76 8 13 3
45 2 6 47
30 34 12 24
92 2 4 2
59 22 7 12
5 4 35 56
5 39 34 22
73 3 6 18
24 8 52 16
42 3 40 15
1 62 4 33
6 12 33 49
19 12 36 33
31 32 17 20
13 48 34 5
32 16 34 18
19 17 5 59
35 10 37 18
9 37 11 43
17 43 23 17
40 6 49 5
80 6 12 2
1 44 22 33
13 5 3 79
14 58 1 27
81 9 4 6
36 34 1 29
12 18 27 43
42 15 9 34
27 5 57 11
42 15 18 25
4 8 75 13
8 16 42 34
34 28 21 17
39 17 31 13
52 4 20 24
24 36 12 28
51 21 20 8
25 26 11 38
16 7 63 14
13 64 12 11
34 16 43 7
43 8 1 48
12 34 30 24
9 31 16 44
12 9 78 1
11 29 56 4
1 84 4 11
14 46 26 14
22 3 57 18
12 57 2 29
16 23 60 1
50 27 7 16
34 3 49 14
2 34 18 46
16 47 7 30
5 1 53 41
9 3 6 82
33 9 57 1
34 36 15 15
27 32 27 14
6 28 13 53
27 26 19 28
27 25 23 25
42 46 4 8
2 44 7 47
49 33 16 2
7 26 65 2
20 13 36 31
9 44 17 30
17 14 43 26
22 41 15 22
14 7 5 74
34 36 27 3
51 15 27 7
16 25 23 36
9 53 6 32
30 4 1 65
24 53 4 19
61 3 12 24
5 11 47 37
32 11 28 29
3 47 15 35
12 31 29 28
66 6 9 19
13 30 11 46
12 37 2 49
24 2 60 14
67 2 17 14
24 13 6 57
40 1 46 13
33 11 10 46
1 25 34 40
2 15 80 3
38 3 50 9
66 22 11 1
9 23 64 4
11 19 8 62
35 1 12 52
11 77 9 3
47 27 22 4
29 42 28 1
1 13 50 36
29 37 18 16
41 13 44 2
44 20 25 11
57 13 20 10
79 15 5 1
46 7 45 2
39 16 14 31
37 10 5 48
80 2 14 4
8 4 58 30
31 28 2 39
15 41 12 32
14 16 1 69
18 16 23 43
6 77 7 10
15 27 30 28
31 20 15 34
1 20 43 36
8 80 2 10
34 11 28 27
5 54 13 28
61 2 26 11
35 5 46 14
1 44 41 14
33 50 15 2
43 23 29 5
24 33 4 39
79 13 5 3
16 10 6 68
34 1 6 59
22 57 18 3
21 15 59 5
1 65 27 7
64 4 24 8
17 33 21 29
89 4 6 1
36 16 38 10
11 8 77 4
2 14 32 52
7 15 75 3
4 66 28 2
9 26 27 38
62 7 9 22
21 13 64 2
31 29 8 32
13 33 53 1
28 1 7 64
27 47 23 3
45 35 11 9
29 28 1 42
20 18 16 46
29 10 56 5
1 57 12 30
14 15 48 23
31 62 6 1
21 10 31 38
15 54 26 5
9 58 24 9
60 8 29 3
84 7 7 2
16 75 2 7
44 5 37 14
4 25 29 42
20 46 24 10
2 11 9 78
3 9 10 78
51 5 10 34
51 5 35 9
9 38 2 51
18 29 37 16
1 21 52 26
35 61 2 2
8 24 16 52
13 6 50 31
26 17 11 46
3 62 15 20
54 9 13 24
21 30 4 45
15 16 58 11
17 33 2 48
12 29 15 44
52 37 1 10
7 45 11 37
28 22 43 7
2 20 22 56
13 50 28 9
38 8 42 12
9 4 86 1
10 37 36 17
26 27 37 10
24 23 26 27
36 4 40 20
37 12 26 25
43 6 30 21
35 1 17 47
11 27 42 20
21 20 53 6
8 10 9 73
5 10 72 13
40 37 14 9
21 25 37 17
3 15 49 33
10 4 43 43
10 12 5 73
28 39 16 17
31 41 2 26
53 1 36 10
40 15 2 43
10 72 4 14
56 5 4 35
25 59 5 11
34 4 35 27
28 45 21 6
38 7 42 13
10 35 36 19
34 34 24 8
21 32 36 11
20 26 27 27
6 55 6 33
10 7 54 29
45 4 34 17
15 42 22 21
13 41 8 38
1 10 8 81
4 46 24 26
6 26 32 36
13 41 39 7
7 58 18 17
26 28 45 1
25 11 56 8
21 24 9 46
34 19 43 4
15 20 32 33
24 8 56 12
35 1 36 28
16 20 4 60
1 45 27 27
28 11 11 50
26 30 18 26
27 11 47 15
11 1 30 58
17 12 39 32
19 42 19 20
45 25 15 15
29 50 19 2
1 43 20 36
9 7 30 54
23 31 29 17
44 31 3 22
26 13 7 54
36 53 2 9
11 38 5 46
26 24 32 18
30 15 28 27
10 15 48 27
13 31 5 51
33 48 4 15
30 12 5 53
3 11 59 27
11 2 21 66
51 11 29 9
9 17 40 34
8 77 9 6
16 67 6 11
29 31 14 26
7 30 62 1
3 32 11 54
5 29 57 9
3 2 56 39
17 37 13 33
43 7 1 49
39 36 9 16
32 1 29 38
32 7 41 20
20 38 15 27
18 54 10 18
31 26 7 36
13 2 57 28
21 36 30 13
19 45 5 31
20 58 15 7
47 18 33 2
35 12 21 32
17 1 68 14
27 63 2 8
79 4 11 6
41 30 14 15
25 34 6 35
35 7 16 42
64 24 4 8
39 15 8 38
29 5 48 18
14 23 13 50
26 20 31 23
20 19 6 55
30 15 36 19
66 23 2 9
10 44 31 15
10 3 21 66
19 2 59 20
46 6 23 25
51 7 41 1
44 23 17 16
19 70 10 1
28 51 16 5
8 22 22 48
73 8 1 18
50 1 17 32
28 2 7 63
35 25 35 5
75 6 10 9
21 2 11 66
14 21 54 11
18 23 44 15
7 30 39 24
18 24 12 46
37 17 31 15
1 20 54 25
1 41 10 48
11 26 43 20
41 40 10 9
2 30 56 12
20 14 56 10
1 6 83 10
13 38 42 7
15 7 40 38
43 4 48 5
30 42 7 21
12 5 57 26
18 34 19 29
13 15 35 37
22 59 2 17
18 7 32 43
49 32 4 15
10 37 15 38
56 4 27 13
1 22 24 53
20 54 20 6
3 56 30 11
11 60 1 28
7 4 55 34
2 8 15 75
27 33 18 22
14 60 9 17
39 11 14 36
48 31 1 20
7 35 22 36
9 13 9 69
11 11 4 74
17 41 21 21
10 47 38 5
3 20 34 43
11 14 66 9
3 10 24 63
7 12 74 7
13 48 30 9
50 20 13 17
13 48 7 32
35 16 23 26
24 39 27 10
18 68 13 1
19 24 17 40
33 19 46 2
17 32 33 18
55 22 2 21
27 20 20 33
79 2 18 1
15 26 4 55
9 5 16 70
22 34 13 31
37 48 12 3
15 56 5 24
14 2 53 31
8 8 30 54
4 34 6 56
12 6 64 18
5 44 2 49
16 29 34 21
26 34 19 21
35 24 14 27
72 4 19 5
7 54 23 16
18 25 29 28
21 15 2 62
7 23 55 15
4 29 2 65
24 5 48 23
13 31 35 21
18 12 21 49
21 7 50 22
10 1 30 59
49 2 9 40
65 10 4 21
23 33 37 7
21 14 44 21
12 2 5 81
18 15 8 59
15 18 38 29
14 19 13 54
11 55 24 10
12 31 11 46
25 18 14 43
30 29 26 15
42 14 1 43
23 49 22 6
24 53 8 15
10 8 8 74
7 35 43 15
74 19 6 1
67 2 7 24
29 43 3 25
46 9 1 44
11 2 3 84
10 24 17 49
52 12 3 33
12 8 78 2
59 9 1 31
4 13 25 58
2 1 68 29
16 76 5 3
43 7 37 13
20 47 6 27
18 13 2 67
5 8 43 44
50 4 9 37
34 2 27 37
35 7 33 25
11 3 57 29
2 16 58 24
17 11 51 21
29 13 31 27
31 7 48 14
23 18 29 30
1 33 23 43
27 13 35 25
22 24 30 24
27 7 15 51
76 11 7 6
18 30 22 30
41 37 2 20
2 27 28 43
41 3 43 13
27 33 38 2
21 21 8 50
49 13 25 13
28 51 9 12
53 11 15 21
10 5 62 23
23 20 9 48
4 13 41 42
4 37 12 47
5 15 22 58
1 10 78 11
46 14 28 12
5 15 79 1
23 17 4 56
15 21 1 63
37 10 52 1
17 67 8 8
39 27 8 26
3 57 37 3
12 63 10 15
55 35 6 4
22 44 11 23
79 2 4 15
50 11 37 2
48 2 28 22
30 9 5 56
30 56 8 6
11 54 14 21
33 26 29 12
64 11 1 24
22 30 21 27
44 13 40 3
17 15 22 46
33 57 8 2
1 39 38 22
17 31 24 28
35 47 10 8
32 47 8 13
4 13 57 26
14 24 28 34
84 2 9 5
1 31 60 8
2 82 5 11
38 6 54 2
32 43 16 9
60 1 18 21
3 84 7 6
6 3 42 49
46 6 39 9
25 26 18 31
20 37 22 21
27 61 10 2
18 32 29 21
12 50 1 37
6 17 67 10
22 19 57 2
4 15 57 24
33 9 23 35
11 51 15 23
2 17 40 41
22 55 2 21
1 24 37 38
2 30 45 23
7 34 43 16
47 4 25 24
23 18 31 28
8 18 48 26
43 17 32 8
40 2 33 25
6 47 2 45
41 3 10 46
29 28 31 12
5 41 26 28
1 4 94 1
8 39 28 25
35 12 43 10
7 12 78 3
13 50 6 31
40 40 3 17
34 8 28 30
9 38 12 41
16 27 21 36
20 9 23 48
49 42 8 1
23 28 13 36
8 3 24 65
2 37 60 1
40 13 14 33
51 16 6 27
12 59 26 3
41 12 36 11
5 2 59 34
67 9 10 14
14 5 49 32
17 20 62 1
27 38 15 20
9 5 6 80
39 4 41 16
24 36 2 38
80 6 8 6
40 38 10 12
32 12 22 34
9 68 2 21
18 17 48 17
7 1 28 64
45 7 46 2
46 9 33 12
44 7 20 29
64 12 21 3
15 21 33 31
12 8 70 10
45 41 7 7
5 32 40 23
20 4 7 69
44 13 38 5
22 4 62 12
6 46 26 22
19 25 3 53
18 11 50 21
28 26 18 28
65 16 4 15
25 21 10 44
2 31 39 28
53 39 6 2
13 46 8 33
7 25 48 20
4 22 40 34
61 12 7 20
27 48 3 22
8 42 39 11
32 26 8 34
23 17 50 10
24 4 8 64
7 4 6 83
46 25 25 4
18 23 14 45
2 4 15 79
21 46 27 6
53 19 7 21
15 15 43 27
14 27 9 50
84 10 3 3
28 53 11 8
39 21 28 12
4 18 7 71
45 12 32 11
14 5 13 68
14 16 63 7
22 15 20 43
42 22 6 30
57 10 32 1
21 44 5 30
6 28 33 33
34 39 2 25
29 45 24 2
25 44 6 25
41 45 8 6
23 37 36 4
25 55 15 5
5 6 68 21
34 14 8 44
12 30 49 9
18 57 17 8
38 17 1 44
60 7 9 24
67 13 2 18
26 7 15 52
70 9 7 14
41 54 3 2
28 18 2 52
39 1 14 46
5 38 5 52
27 39 19 15
3 64 24 9
27 22 29 22
51 17 4 28
42 13 40 5
6 10 57 27
16 6 4 74
9 14 12 65
35 9 8 48
40 22 37 1
43 10 19 28
27 38 31 4
21 45 24 10
34 7 33 26
9 7 75 9
27 26 34 13
54 5 22 19
20 18 1 61
41 20 18 21
16 18 27 39
25 3 17 55
3 6 10 81
40 21 1 38
15 29 22 34
46 11 13 30
6 19 42 33
6 32 56 6
7 11 77 5
30 2 5 63
27 12 29 32
60 31 2 7
2 2 63 33
3 18 17 62
19 2 30 49
25 1 25 49
6 49 31 14
27 26 1 46
20 46 6 28
21 45 29 5
23 41 32 4
15 32 14 39
11 12 76 1
54 11 23 12
22 30 32 16
21 48 1 30
29 15 45 11
59 11 18 12
11 47 23 19
29 40 22 9
8 8 44 40
3 65 30 2
51 20 3 26
23 29 12 36
22 18 50 10
19 21 21 39
22 23 49 6
9 38 31 22
26 38 3 33
34 25 40 1
58 1 16 25
8 30 40 22
45 3 8 44
66 6 15 13
5 47 25 23
23 7 51 19
2 25 14 59
9 46 17 28
10 38 23 29
16 5 44 35
26 30 26 18
34 40 10 16
21 23 41 15
4 40 50 6
9 14 59 18
11 58 19 12
4 49 15 32
8 5 37 50
61 21 1 17
21 45 30 4
31 9 58 2
37 58 3 2
31 18 10 41
34 23 29 14
5 20 20 55
54 10 13 23
4 9 70 17
31 16 41 12
5 58 19 18
65 25 6 4
12 72 12 4
33 3 33 31
36 53 10 1
16 54 5 25
62 21 8 9
42 29 1 28
20 54 15 11
9 14 47 30
44 5 20 31
4 6 25 65
4 31 6 59
51 38 4 7
13 7 55 25
12 34 13 41
43 34 8 15
37 37 1 25
30 4 46 20
47 13 34 6
46 8 17 29
6 72 12 10
15 66 6 13
36 13 34 17
53 32 7 8
9 42 5 44
13 40 10 37
53 4 2 41
45 28 16 11
14 42 27 17
13 3 27 57
11 64 11 14
6 20 39 35
19 23 15 43
73 16 9 2
27 11 50 12
45 15 4 36
18 21 7 54
37 37 22 4
21 28 26 25
42 3 24 31
14 6 74 6
31 30 23 16
22 11 28 39
18 6 29 47
22 59 11 8
12 1 1 86
32 30 7 31
8 34 32 26
10 65 4 21
10 54 27 9
21 17 26 36
28 46 12 14
31 32 29 8
35 20 2 43
34 5 2 59
26 17 10 47
25 40 5 30
29 32 15 24
16 15 43 26
54 31 5 10
26 17 45 12
60 6 28 6
18 33 11 38
51 18 19 12
38 7 39 16
34 21 35 10
1 35 46 18
29 58 2 11
4 19 49 28
14 56 11 19
14 32 32 22
64 8 20 8
22 45 29 4
29 52 7 12
32 13 31 24
45 16 25 14
11 32 5 52
10 44 3 43
20 23 24 33
45 20 33 2
20 4 15 61
2 47 30 21
12 61 19 8
46 3 47 4
6 10 33 51
3 21 1 75
36 15 41 8
6 62 25 7
54 14 29 3
3 40 8 49
19 25 1 55
17 68 12 3
42 21 7 30
17 11 3 69
12 52 9 27
9 27 57 7
4 36 55 5
13 54 14 19
72 18 1 9
36 4 21 39
27 6 66 1
3 47 12 38
71 11 11 7
11 33 35 21
10 51 38 1
28 20 49 3
34 13 37 16
13 28 55 4
1 32 66 1
21 37 26 16
15 8 60 17
53 15 14 18
2 12 73 13
5 55 7 33
8 72 1 19
28 9 57 6
40 35 12 13
16 15 67 2
26 14 15 45
33 27 33 7
1 8 38 53
15 56 4 25
37 18 21 24
12 46 16 26
1 57 40 2
49 41 9 1
8 80 1 11
52 9 6 33
25 25 7 43
42 4 18 36
19 28 33 20
18 19 41 22
49 27 16 8
7 49 33 11
20 49 5 26
16 44 6 34
6 43 35 16
46 11 11 32
45 31 3 21
32 11 22 35
47 14 29 10
21 15 11 53
11 46 11 32
6 3 83 8
15 30 46 9
26 20 47 7
70 19 10 1
21 1 73 5
28 12 4 56
6 25 7 62
33 33 30 4
7 11 67 15
44 17 7 32
9 7 21 63
48 5 10 37
11 55 3 31
60 9 29 2
17 12 41 30
14 4 54 28
34 2 34 30
18 44 10 28
32 19 9 40
71 1 22 6
15 37 8 40
12 39 42 7
62 4 30 4
40 35 5 20
45 5 34 16
13 71 10 6
4 34 12 50
25 21 53 1
67 20 9 4
33 18 25 24
32 46 13 9
10 45 13 32
14 42 26 18
27 15 48 10
2 30 22 46
16 9 64 11
7 51 41 1
38 27 22 13
14 66 9 11
14 4 33 49
37 30 1 32
5 58 18 19
18 32 21 29
3 2 33 62
13 61 11 15
26 22 10 42
29 8 59 4
17 49 17 17
12 26 56 6
15 14 57 14
4 17 16 63
58 3 33 6
7 74 1 18
4 10 52 34
70 7 20 3
20 23 34 23
24 10 3 63
25 14 25 36
14 3 19 64
8 64 25 3
59 13 7 21
33 8 26 33
7 5 82 6
34 5 16 45
11 44 37 8
4 43 33 20
26 61 6 7
14 69 14 3
73 4 15 8
36 56 3 5
21 43 35 1
15 56 12 17
16 6 17 61
13 38 23 26
17 52 30 1
29 58 11 2
9 13 61 17
15 21 8 56
31 27 34 8
8 7 73 12
5 47 34 14
12 9 52 27
10 45 24 21
22 9 51 18
5 9 74 12
29 26 4 41
31 41 9 19
34 28 18 20
6 5 21 68
21 21 12 46
